001280
600085
002594
000063
603993
603288
600010
002920
000630
002049
000596
300750
688036
002353
600009
601868
600938
600118
000166
601117
688472
000807
300308
601318
601169
601857
600926
300274
600795
600027
600050
600887
603392
600188
000538
600893
603259
601066
601800
000963
000938
301165
600016
600549
000338
601898
601766
000858
601628
600039
002714
300124
000768
002422
688047
601336
001979
600183
688271
600221
601398
002558
600588
688072
603986
601788
601633
688506
300251
002736
600011
300033
002142
600600
000895
601319
002371
601919
600438
688981
601995
002466
002311
601225
601059
600089
600066
688041
688012
600515
002074
300760
002938
601136
601698
601088
000625
300433
600919
603019
301269
600061
000725
002532
601077
000301
300014
601818
601186
000333
000708
600048
601328
605117
600660
002384
601009
002460
300015
003816
600026
600160
688303
601021
600886
600760
002179
600584
603296
300450
601881
600930
605499
600875
002415
600015
002602
600219
601985
600406
600346
000792
601901
600176
600918
601456
002916
688111
600522
600803
600958
601607
300896
300059
000988
601229
300999
000157
600104
600941
600018
601688
601877
300408
300122
300661
000002
688183
600460
000776
000100
300832
600030
002625
302132
600436
601888
000999
002304
603893
000408
601825
600115
600362
601166
002493
001391
600031
601390
600276
601727
000977
601916
601998
002028
600489
601138
600150
601939
002001
688223
688126
601058
688256
601658
002230
600741
600036
300316
600019
002648
601689
002241
600025
600900
301236
600585
600809
300803
600690
600000
002202
300418
601838
000657
000975
000568
601669
002475
600028
603799
601600
301308
000425
600309
601899
603369
601377
601878
000001
600426
002236
601018
600905
600111
300394
601288
300476
002600
688008
601127
600845
600989
002352
001965
600415
601211
600023
300413
000617
300502
600196
300628
600570
601988
688521
600372
688009
600999
601618
002837
002709
601006
600674
601872
601360
601012
300442
002463
601111
601816
300498
600519
000651
600233
688082
600482
002050
601728
601668
600029
002027
603260
300866
603501
601238
688396
601100
601601
600547